9.450000000000000622e-01 -2.727980021920980991e-02 1.575000000000000358e-02 1.005000000000000115e+00 -2.727980021920980991e-02 1.575000000000000358e-02
9.450000000000000622e-01 2.727980021920980991e-02 1.575000000000000358e-02 9.450000000000000622e-01 2.291226970955103845e-02 2.161661159286511202e-02
9.450000000000000622e-01 2.291226970955103845e-02 2.161661159286511202e-02 9.450000000000000622e-01 1.730953280923038309e-02 2.631786605950750188e-02
9.450000000000000622e-01 1.730953280923038309e-02 2.631786605950750188e-02 9.450000000000000622e-01 1.077363451475856632e-02 2.960031755475611356e-02
9.450000000000000622e-01 1.077363451475856632e-02 2.960031755475611356e-02 9.450000000000000622e-01 3.656926794944751098e-03 3.128700826887120118e-02
9.450000000000000622e-01 3.656926794944751098e-03 3.128700826887120118e-02 9.450000000000000622e-01 -3.656926794944755001e-03 3.128700826887120118e-02
9.450000000000000622e-01 -3.656926794944755001e-03 3.128700826887120118e-02 9.450000000000000622e-01 -1.077363451475856632e-02 2.960031755475611356e-02
9.450000000000000622e-01 -1.077363451475856632e-02 2.960031755475611356e-02 9.450000000000000622e-01 -1.730953280923039350e-02 2.631786605950749494e-02
9.450000000000000622e-01 -1.730953280923039350e-02 2.631786605950749494e-02 9.450000000000000622e-01 -2.291226970955104192e-02 2.161661159286510855e-02
9.450000000000000622e-01 -2.291226970955104192e-02 2.161661159286510855e-02 9.450000000000000622e-01 -2.727980021920980991e-02 1.575000000000000358e-02
1.005000000000000115e+00 -2.727980021920980991e-02 1.575000000000000358e-02 1.005000000000000115e+00 -2.291226970955103845e-02 2.161661159286511202e-02
1.005000000000000115e+00 -2.291226970955103845e-02 2.161661159286511202e-02 1.005000000000000115e+00 -1.730953280923038309e-02 2.631786605950750188e-02
1.005000000000000115e+00 -1.730953280923038309e-02 2.631786605950750188e-02 1.005000000000000115e+00 -1.077363451475856632e-02 2.960031755475611356e-02
1.005000000000000115e+00 -1.077363451475856632e-02 2.960031755475611356e-02 1.005000000000000115e+00 -3.656926794944751098e-03 3.128700826887120118e-02
1.005000000000000115e+00 -3.656926794944751098e-03 3.128700826887120118e-02 1.005000000000000115e+00 3.656926794944755001e-03 3.128700826887120118e-02
1.005000000000000115e+00 3.656926794944755001e-03 3.128700826887120118e-02 1.005000000000000115e+00 1.077363451475856632e-02 2.960031755475611356e-02
1.005000000000000115e+00 1.077363451475856632e-02 2.960031755475611356e-02 1.005000000000000115e+00 1.730953280923039350e-02 2.631786605950749494e-02
1.005000000000000115e+00 1.730953280923039350e-02 2.631786605950749494e-02 1.005000000000000115e+00 2.291226970955104192e-02 2.161661159286510855e-02
1.005000000000000115e+00 2.291226970955104192e-02 2.161661159286510855e-02 1.005000000000000115e+00 2.727980021920980991e-02 1.575000000000000358e-02
1.005000000000000115e+00 2.727980021920980991e-02 1.575000000000000358e-02 9.450000000000000622e-01 2.727980021920980991e-02 1.575000000000000358e-02
9.450000000000000622e-01 2.727980021920982032e-02 -1.574999999999999317e-02 9.450000000000000622e-01 2.291226970955103498e-02 -2.161661159286511202e-02
9.450000000000000622e-01 2.291226970955103498e-02 -2.161661159286511202e-02 9.450000000000000622e-01 1.730953280923039350e-02 -2.631786605950749147e-02
9.450000000000000622e-01 1.730953280923039350e-02 -2.631786605950749147e-02 9.450000000000000622e-01 1.077363451475857152e-02 -2.960031755475611356e-02
9.450000000000000622e-01 1.077363451475857152e-02 -2.960031755475611356e-02 9.450000000000000622e-01 3.656926794944756736e-03 -3.128700826887120118e-02
9.450000000000000622e-01 3.656926794944756736e-03 -3.128700826887120118e-02 9.450000000000000622e-01 -3.656926794944762808e-03 -3.128700826887119424e-02
9.450000000000000622e-01 -3.656926794944762808e-03 -3.128700826887119424e-02 9.450000000000000622e-01 -1.077363451475856458e-02 -2.960031755475611703e-02
9.450000000000000622e-01 -1.077363451475856458e-02 -2.960031755475611703e-02 9.450000000000000622e-01 -1.730953280923039697e-02 -2.631786605950749147e-02
9.450000000000000622e-01 -1.730953280923039697e-02 -2.631786605950749147e-02 9.450000000000000622e-01 -2.291226970955103845e-02 -2.161661159286511202e-02
9.450000000000000622e-01 -2.291226970955103845e-02 -2.161661159286511202e-02 9.450000000000000622e-01 -2.727980021920980297e-02 -1.575000000000001052e-02
1.005000000000000115e+00 -2.727980021920980297e-02 -1.575000000000001052e-02 1.005000000000000115e+00 -2.291226970955103845e-02 -2.161661159286511202e-02
1.005000000000000115e+00 -2.291226970955103845e-02 -2.161661159286511202e-02 1.005000000000000115e+00 -1.730953280923039697e-02 -2.631786605950749147e-02
1.005000000000000115e+00 -1.730953280923039697e-02 -2.631786605950749147e-02 1.005000000000000115e+00 -1.077363451475856458e-02 -2.960031755475611703e-02
1.005000000000000115e+00 -1.077363451475856458e-02 -2.960031755475611703e-02 1.005000000000000115e+00 -3.656926794944748930e-03 -3.128700826887120118e-02
1.005000000000000115e+00 -3.656926794944748930e-03 -3.128700826887120118e-02 1.005000000000000115e+00 3.656926794944756736e-03 -3.128700826887120118e-02
1.005000000000000115e+00 3.656926794944756736e-03 -3.128700826887120118e-02 1.005000000000000115e+00 1.077363451475857152e-02 -2.960031755475611356e-02
1.005000000000000115e+00 1.077363451475857152e-02 -2.960031755475611356e-02 1.005000000000000115e+00 1.730953280923039350e-02 -2.631786605950749147e-02
1.005000000000000115e+00 1.730953280923039350e-02 -2.631786605950749147e-02 1.005000000000000115e+00 2.291226970955104886e-02 -2.161661159286509468e-02
1.005000000000000115e+00 2.291226970955104886e-02 -2.161661159286509468e-02 1.005000000000000115e+00 2.727980021920982032e-02 -1.574999999999999317e-02
9.450000000000000622e-01 -2.727980021920980297e-02 -1.575000000000001052e-02 1.005000000000000115e+00 -2.727980021920980297e-02 -1.575000000000001052e-02
1.005000000000000115e+00 2.727980021920982032e-02 -1.574999999999999317e-02 9.450000000000000622e-01 2.727980021920982032e-02 -1.574999999999999317e-02
