9.550000000000000711e-01 1.574999999999999664e-02 2.727980021920981685e-02 1.015000000000000124e+00 1.574999999999999664e-02 2.727980021920981685e-02
9.550000000000000711e-01 1.574999999999999664e-02 -2.727980021920981685e-02 9.550000000000000711e-01 2.161661159286511896e-02 -2.291226970955102804e-02
9.550000000000000711e-01 2.161661159286511896e-02 -2.291226970955102804e-02 9.550000000000000711e-01 2.631786605950750535e-02 -1.730953280923037615e-02
9.550000000000000711e-01 2.631786605950750535e-02 -1.730953280923037615e-02 9.550000000000000711e-01 2.960031755475611703e-02 -1.077363451475856632e-02
9.550000000000000711e-01 2.960031755475611703e-02 -1.077363451475856632e-02 9.550000000000000711e-01 3.128700826887120118e-02 -3.656926794944744159e-03
9.550000000000000711e-01 3.128700826887120118e-02 -3.656926794944744159e-03 9.550000000000000711e-01 3.128700826887120118e-02 3.656926794944761507e-03
9.550000000000000711e-01 3.128700826887120118e-02 3.656926794944761507e-03 9.550000000000000711e-01 2.960031755475611356e-02 1.077363451475856979e-02
9.550000000000000711e-01 2.960031755475611356e-02 1.077363451475856979e-02 9.550000000000000711e-01 2.631786605950749494e-02 1.730953280923039697e-02
9.550000000000000711e-01 2.631786605950749494e-02 1.730953280923039697e-02 9.550000000000000711e-01 2.161661159286510855e-02 2.291226970955104192e-02
9.550000000000000711e-01 2.161661159286510855e-02 2.291226970955104192e-02 9.550000000000000711e-01 1.574999999999999664e-02 2.727980021920981685e-02
1.015000000000000124e+00 1.574999999999999664e-02 2.727980021920981685e-02 1.015000000000000124e+00 2.161661159286510855e-02 2.291226970955104192e-02
1.015000000000000124e+00 2.161661159286510855e-02 2.291226970955104192e-02 1.015000000000000124e+00 2.631786605950749841e-02 1.730953280923039003e-02
1.015000000000000124e+00 2.631786605950749841e-02 1.730953280923039003e-02 1.015000000000000124e+00 2.960031755475611356e-02 1.077363451475856979e-02
1.015000000000000124e+00 2.960031755475611356e-02 1.077363451475856979e-02 1.015000000000000124e+00 3.128700826887120118e-02 3.656926794944747629e-03
1.015000000000000124e+00 3.128700826887120118e-02 3.656926794944747629e-03 1.015000000000000124e+00 3.128700826887120118e-02 -3.656926794944758037e-03
1.015000000000000124e+00 3.128700826887120118e-02 -3.656926794944758037e-03 1.015000000000000124e+00 2.960031755475611703e-02 -1.077363451475856632e-02
1.015000000000000124e+00 2.960031755475611703e-02 -1.077363451475856632e-02 1.015000000000000124e+00 2.631786605950749841e-02 -1.730953280923038656e-02
1.015000000000000124e+00 2.631786605950749841e-02 -1.730953280923038656e-02 1.015000000000000124e+00 2.161661159286509815e-02 -2.291226970955104539e-02
1.015000000000000124e+00 2.161661159286509815e-02 -2.291226970955104539e-02 1.015000000000000124e+00 1.574999999999999664e-02 -2.727980021920981685e-02
1.015000000000000124e+00 1.574999999999999664e-02 -2.727980021920981685e-02 9.550000000000000711e-01 1.574999999999999664e-02 -2.727980021920981685e-02
9.550000000000000711e-01 -1.575000000000000358e-02 -2.727980021920980991e-02 9.550000000000000711e-01 -2.161661159286510162e-02 -2.291226970955104192e-02
9.550000000000000711e-01 -2.161661159286510162e-02 -2.291226970955104192e-02 9.550000000000000711e-01 -2.631786605950748453e-02 -1.730953280923040738e-02
9.550000000000000711e-01 -2.631786605950748453e-02 -1.730953280923040738e-02 9.550000000000000711e-01 -2.960031755475610662e-02 -1.077363451475858540e-02
9.550000000000000711e-01 -2.960031755475610662e-02 -1.077363451475858540e-02 9.550000000000000711e-01 -3.128700826887119424e-02 -3.656926794944772782e-03
9.550000000000000711e-01 -3.128700826887119424e-02 -3.656926794944772782e-03 9.550000000000000711e-01 -3.128700826887120118e-02 3.656926794944761073e-03
9.550000000000000711e-01 -3.128700826887120118e-02 3.656926794944761073e-03 9.550000000000000711e-01 -2.960031755475611356e-02 1.077363451475857499e-02
9.550000000000000711e-01 -2.960031755475611356e-02 1.077363451475857499e-02 9.550000000000000711e-01 -2.631786605950749147e-02 1.730953280923039697e-02
9.550000000000000711e-01 -2.631786605950749147e-02 1.730953280923039697e-02 9.550000000000000711e-01 -2.161661159286510162e-02 2.291226970955104192e-02
9.550000000000000711e-01 -2.161661159286510162e-02 2.291226970955104192e-02 9.550000000000000711e-01 -1.575000000000001052e-02 2.727980021920980297e-02
1.015000000000000124e+00 -1.575000000000001052e-02 2.727980021920980297e-02 1.015000000000000124e+00 -2.161661159286510162e-02 2.291226970955104192e-02
1.015000000000000124e+00 -2.161661159286510162e-02 2.291226970955104192e-02 1.015000000000000124e+00 -2.631786605950750535e-02 1.730953280923037269e-02
1.015000000000000124e+00 -2.631786605950750535e-02 1.730953280923037269e-02 1.015000000000000124e+00 -2.960031755475611356e-02 1.077363451475857499e-02
1.015000000000000124e+00 -2.960031755475611356e-02 1.077363451475857499e-02 1.015000000000000124e+00 -3.128700826887120118e-02 3.656926794944761073e-03
1.015000000000000124e+00 -3.128700826887120118e-02 3.656926794944761073e-03 1.015000000000000124e+00 -3.128700826887119424e-02 -3.656926794944772782e-03
1.015000000000000124e+00 -3.128700826887119424e-02 -3.656926794944772782e-03 1.015000000000000124e+00 -2.960031755475610662e-02 -1.077363451475858540e-02
1.015000000000000124e+00 -2.960031755475610662e-02 -1.077363451475858540e-02 1.015000000000000124e+00 -2.631786605950748453e-02 -1.730953280923040738e-02
1.015000000000000124e+00 -2.631786605950748453e-02 -1.730953280923040738e-02 1.015000000000000124e+00 -2.161661159286510162e-02 -2.291226970955104192e-02
1.015000000000000124e+00 -2.161661159286510162e-02 -2.291226970955104192e-02 1.015000000000000124e+00 -1.575000000000000358e-02 -2.727980021920980991e-02
9.550000000000000711e-01 -1.575000000000001052e-02 2.727980021920980297e-02 1.015000000000000124e+00 -1.575000000000001052e-02 2.727980021920980297e-02
1.015000000000000124e+00 -1.575000000000000358e-02 -2.727980021920980991e-02 9.550000000000000711e-01 -1.575000000000000358e-02 -2.727980021920980991e-02
