0.945 -0.0272798 0.01575 1.005 -0.0272798 0.01575
0.945 0.0272798 0.01575 0.945 0.01575 0.0272798
0.945 0.01575 0.0272798 0.945 0 0.0315
0.945 0 0.0315 0.945 -0.01575 0.0272798
0.945 -0.01575 0.0272798 0.945 -0.0272798 0.01575
1.005 -0.0272798 0.01575 1.005 -0.01575 0.0272798
1.005 -0.01575 0.0272798 1.005 0 0.0315
1.005 0 0.0315 1.005 0.01575 0.0272798
1.005 0.01575 0.0272798 1.005 0.0272798 0.01575
1.005 0.0272798 0.01575 0.945 0.0272798 0.01575
0.945 0.0272798 -0.01575 0.945 0.01575 -0.0272798
0.945 0.01575 -0.0272798 0.945 3.85764e-18 -0.0315
0.945 3.85764e-18 -0.0315 0.945 -0.01575 -0.0272798
0.945 -0.01575 -0.0272798 0.945 -0.0272798 -0.01575
1.005 -0.0272798 -0.01575 1.005 -0.01575 -0.0272798
1.005 -0.01575 -0.0272798 1.005 3.85764e-18 -0.0315
1.005 3.85764e-18 -0.0315 1.005 0.01575 -0.0272798
1.005 0.01575 -0.0272798 1.005 0.0272798 -0.01575
0.945 -0.0272798 -0.01575 1.005 -0.0272798 -0.01575
1.005 0.0272798 -0.01575 0.945 0.0272798 -0.01575
