0.955 0.01575 0.0272798 1.015 0.01575 0.0272798
0.955 0.01575 -0.0272798 0.955 0.0210776 -0.0234091
0.955 0.0210776 -0.0234091 0.955 0.025484 -0.0185152
0.955 0.025484 -0.0185152 0.955 0.0287767 -0.0128122
0.955 0.0287767 -0.0128122 0.955 0.0308116 -0.00654922
0.955 0.0308116 -0.00654922 0.955 0.0315 1.92882e-18
0.955 0.0315 1.92882e-18 0.955 0.0308116 0.00654922
0.955 0.0308116 0.00654922 0.955 0.0287767 0.0128122
0.955 0.0287767 0.0128122 0.955 0.025484 0.0185152
0.955 0.025484 0.0185152 0.955 0.0210776 0.0234091
0.955 0.0210776 0.0234091 0.955 0.01575 0.0272798
1.015 0.01575 0.0272798 1.015 0.0210776 0.0234091
1.015 0.0210776 0.0234091 1.015 0.025484 0.0185152
1.015 0.025484 0.0185152 1.015 0.0287767 0.0128122
1.015 0.0287767 0.0128122 1.015 0.0308116 0.00654922
1.015 0.0308116 0.00654922 1.015 0.0315 1.92882e-18
1.015 0.0315 1.92882e-18 1.015 0.0308116 -0.00654922
1.015 0.0308116 -0.00654922 1.015 0.0287767 -0.0128122
1.015 0.0287767 -0.0128122 1.015 0.025484 -0.0185152
1.015 0.025484 -0.0185152 1.015 0.0210776 -0.0234091
1.015 0.0210776 -0.0234091 1.015 0.01575 -0.0272798
1.015 0.01575 -0.0272798 0.955 0.01575 -0.0272798
0.955 -0.01575 -0.0272798 0.955 -0.0210776 -0.0234091
0.955 -0.0210776 -0.0234091 0.955 -0.025484 -0.0185152
0.955 -0.025484 -0.0185152 0.955 -0.0287767 -0.0128122
0.955 -0.0287767 -0.0128122 0.955 -0.0308116 -0.00654922
0.955 -0.0308116 -0.00654922 0.955 -0.0315 -5.78646e-18
0.955 -0.0315 -5.78646e-18 0.955 -0.0308116 0.00654922
0.955 -0.0308116 0.00654922 0.955 -0.0287767 0.0128122
0.955 -0.0287767 0.0128122 0.955 -0.025484 0.0185152
0.955 -0.025484 0.0185152 0.955 -0.0210776 0.0234091
0.955 -0.0210776 0.0234091 0.955 -0.01575 0.0272798
1.015 -0.01575 0.0272798 1.015 -0.0210776 0.0234091
1.015 -0.0210776 0.0234091 1.015 -0.025484 0.0185152
1.015 -0.025484 0.0185152 1.015 -0.0287767 0.0128122
1.015 -0.0287767 0.0128122 1.015 -0.0308116 0.00654922
1.015 -0.0308116 0.00654922 1.015 -0.0315 -5.78646e-18
1.015 -0.0315 -5.78646e-18 1.015 -0.0308116 -0.00654922
1.015 -0.0308116 -0.00654922 1.015 -0.0287767 -0.0128122
1.015 -0.0287767 -0.0128122 1.015 -0.025484 -0.0185152
1.015 -0.025484 -0.0185152 1.015 -0.0210776 -0.0234091
1.015 -0.0210776 -0.0234091 1.015 -0.01575 -0.0272798
0.955 -0.01575 0.0272798 1.015 -0.01575 0.0272798
1.015 -0.01575 -0.0272798 0.955 -0.01575 -0.0272798
