0.955 0.01575 0.0272798 1.015 0.01575 0.0272798
0.955 0.01575 -0.0272798 0.955 0.0272798 -0.01575
0.955 0.0272798 -0.01575 0.955 0.0315 1.92882e-18
0.955 0.0315 1.92882e-18 0.955 0.0272798 0.01575
0.955 0.0272798 0.01575 0.955 0.01575 0.0272798
1.015 0.01575 0.0272798 1.015 0.0272798 0.01575
1.015 0.0272798 0.01575 1.015 0.0315 1.92882e-18
1.015 0.0315 1.92882e-18 1.015 0.0272798 -0.01575
1.015 0.0272798 -0.01575 1.015 0.01575 -0.0272798
1.015 0.01575 -0.0272798 0.955 0.01575 -0.0272798
0.955 -0.01575 -0.0272798 0.955 -0.0272798 -0.01575
0.955 -0.0272798 -0.01575 0.955 -0.0315 -5.78646e-18
0.955 -0.0315 -5.78646e-18 0.955 -0.0272798 0.01575
0.955 -0.0272798 0.01575 0.955 -0.01575 0.0272798
1.015 -0.01575 0.0272798 1.015 -0.0272798 0.01575
1.015 -0.0272798 0.01575 1.015 -0.0315 -5.78646e-18
1.015 -0.0315 -5.78646e-18 1.015 -0.0272798 -0.01575
1.015 -0.0272798 -0.01575 1.015 -0.01575 -0.0272798
0.955 -0.01575 0.0272798 1.015 -0.01575 0.0272798
1.015 -0.01575 -0.0272798 0.955 -0.01575 -0.0272798
