0.945 -0.0272798 0.01575 1.005 -0.0272798 0.01575
0.945 0.0272798 0.01575 0.945 0.0234091 0.0210776
0.945 0.0234091 0.0210776 0.945 0.0185152 0.025484
0.945 0.0185152 0.025484 0.945 0.0128122 0.0287767
0.945 0.0128122 0.0287767 0.945 0.00654922 0.0308116
0.945 0.00654922 0.0308116 0.945 0 0.0315
0.945 0 0.0315 0.945 -0.00654922 0.0308116
0.945 -0.00654922 0.0308116 0.945 -0.0128122 0.0287767
0.945 -0.0128122 0.0287767 0.945 -0.0185152 0.025484
0.945 -0.0185152 0.025484 0.945 -0.0234091 0.0210776
0.945 -0.0234091 0.0210776 0.945 -0.0272798 0.01575
1.005 -0.0272798 0.01575 1.005 -0.0234091 0.0210776
1.005 -0.0234091 0.0210776 1.005 -0.0185152 0.025484
1.005 -0.0185152 0.025484 1.005 -0.0128122 0.0287767
1.005 -0.0128122 0.0287767 1.005 -0.00654922 0.0308116
1.005 -0.00654922 0.0308116 1.005 0 0.0315
1.005 0 0.0315 1.005 0.00654922 0.0308116
1.005 0.00654922 0.0308116 1.005 0.0128122 0.0287767
1.005 0.0128122 0.0287767 1.005 0.0185152 0.025484
1.005 0.0185152 0.025484 1.005 0.0234091 0.0210776
1.005 0.0234091 0.0210776 1.005 0.0272798 0.01575
1.005 0.0272798 0.01575 0.945 0.0272798 0.01575
0.945 0.0272798 -0.01575 0.945 0.0234091 -0.0210776
0.945 0.0234091 -0.0210776 0.945 0.0185152 -0.025484
0.945 0.0185152 -0.025484 0.945 0.0128122 -0.0287767
0.945 0.0128122 -0.0287767 0.945 0.00654922 -0.0308116
0.945 0.00654922 -0.0308116 0.945 3.85764e-18 -0.0315
0.945 3.85764e-18 -0.0315 0.945 -0.00654922 -0.0308116
0.945 -0.00654922 -0.0308116 0.945 -0.0128122 -0.0287767
0.945 -0.0128122 -0.0287767 0.945 -0.0185152 -0.025484
0.945 -0.0185152 -0.025484 0.945 -0.0234091 -0.0210776
0.945 -0.0234091 -0.0210776 0.945 -0.0272798 -0.01575
1.005 -0.0272798 -0.01575 1.005 -0.0234091 -0.0210776
1.005 -0.0234091 -0.0210776 1.005 -0.0185152 -0.025484
1.005 -0.0185152 -0.025484 1.005 -0.0128122 -0.0287767
1.005 -0.0128122 -0.0287767 1.005 -0.00654922 -0.0308116
1.005 -0.00654922 -0.0308116 1.005 3.85764e-18 -0.0315
1.005 3.85764e-18 -0.0315 1.005 0.00654922 -0.0308116
1.005 0.00654922 -0.0308116 1.005 0.0128122 -0.0287767
1.005 0.0128122 -0.0287767 1.005 0.0185152 -0.025484
1.005 0.0185152 -0.025484 1.005 0.0234091 -0.0210776
1.005 0.0234091 -0.0210776 1.005 0.0272798 -0.01575
0.945 -0.0272798 -0.01575 1.005 -0.0272798 -0.01575
1.005 0.0272798 -0.01575 0.945 0.0272798 -0.01575
